+------------------------------------------------------------------------------------------------------------------------------------------------------------------------------------------------------------------+
; Legal Partition Candidates                                                                                                                                                                                       ;
+-------------+-------+----------------+--------------+----------------+--------+-----------------+---------------+-----------------+-------+----------------+--------------+------------------+-------------------+
; Hierarchy   ; Input ; Constant Input ; Unused Input ; Floating Input ; Output ; Constant Output ; Unused Output ; Floating Output ; Bidir ; Constant Bidir ; Unused Bidir ; Input only Bidir ; Output only Bidir ;
+-------------+-------+----------------+--------------+----------------+--------+-----------------+---------------+-----------------+-------+----------------+--------------+------------------+-------------------+
; SEG0        ; 4     ; 1              ; 0            ; 1              ; 8      ; 1               ; 1             ; 1               ; 0     ; 0              ; 0            ; 0                ; 0                 ;
; Controller  ; 10    ; 0              ; 4            ; 0              ; 10     ; 0               ; 0             ; 0               ; 0     ; 0              ; 0            ; 0                ; 0                 ;
; ROM         ; 3     ; 2              ; 0            ; 2              ; 8      ; 2               ; 2             ; 2               ; 0     ; 0              ; 0            ; 0                ; 0                 ;
; ProgCounter ; 3     ; 0              ; 0            ; 0              ; 4      ; 0               ; 0             ; 0               ; 0     ; 0              ; 0            ; 0                ; 0                 ;
; InstrReg    ; 8     ; 4              ; 0            ; 4              ; 8      ; 4               ; 4             ; 4               ; 4     ; 0              ; 0            ; 0                ; 0                 ;
; SEG5        ; 4     ; 1              ; 0            ; 1              ; 8      ; 1               ; 1             ; 1               ; 0     ; 0              ; 0            ; 0                ; 0                 ;
; OutReg      ; 3     ; 0              ; 0            ; 0              ; 4      ; 0               ; 0             ; 0               ; 4     ; 0              ; 0            ; 0                ; 0                 ;
; SEG4        ; 4     ; 1              ; 0            ; 1              ; 8      ; 1               ; 1             ; 1               ; 0     ; 0              ; 0            ; 0                ; 0                 ;
; InReg       ; 5     ; 0              ; 0            ; 0              ; 0      ; 0               ; 0             ; 0               ; 4     ; 0              ; 0            ; 0                ; 0                 ;
; ALU         ; 10    ; 0              ; 0            ; 0              ; 1      ; 0               ; 0             ; 0               ; 4     ; 0              ; 0            ; 0                ; 0                 ;
; SEG2        ; 4     ; 1              ; 0            ; 1              ; 8      ; 1               ; 1             ; 1               ; 0     ; 0              ; 0            ; 0                ; 0                 ;
; AccB        ; 4     ; 0              ; 0            ; 0              ; 4      ; 0               ; 0             ; 0               ; 4     ; 0              ; 0            ; 0                ; 0                 ;
; SEG1        ; 4     ; 1              ; 0            ; 1              ; 8      ; 1               ; 1             ; 1               ; 0     ; 0              ; 0            ; 0                ; 0                 ;
; AccA        ; 4     ; 0              ; 0            ; 0              ; 4      ; 0               ; 0             ; 0               ; 4     ; 0              ; 0            ; 0                ; 0                 ;
; db_clock    ; 2     ; 0              ; 0            ; 0              ; 1      ; 0               ; 0             ; 0               ; 0     ; 0              ; 0            ; 0                ; 0                 ;
; db_reset    ; 2     ; 0              ; 0            ; 0              ; 1      ; 0               ; 0             ; 0               ; 0     ; 0              ; 0            ; 0                ; 0                 ;
+-------------+-------+----------------+--------------+----------------+--------+-----------------+---------------+-----------------+-------+----------------+--------------+------------------+-------------------+
